((("auto-complete" .
   [0 0 0 0 1 0 0 0 0 0 0 0 0])
  ("'org-mode-hook" .
   [0 0 0 1 0 0 0 0 0 0 0 0 0 0])
  ("toc-org-mode" .
   [0 0 0 0 1 0 0 0 0 0 0 0])
  ("t" .
   [1])
  ("doom-opera" .
   [0 0 0 0 0 0 1 0 0 1])
  ("org-level-7" .
   [1 0 0 0 0 0 0 0 0 0 0])
  ("org-level-6" .
   [2 0 0 0 0 0 0 0 0 0 0])
  ("org-level-5" .
   [2 0 0 0 0 0 0 0 0 0 0])
  ("custom-set-faces" .
   [1 0 0 0 0 0 0 0 0 0 0 0 0 0 0 1])
  ("my/org-mode-hook" .
   [0 0 0 0 1 0 0 0 0 0 0 0 0 0 0 0])
  ("org-level-4" .
   [3 0 0 0 0 0 0 0 0 0 0])
  ("org-level-3" .
   [3 0 0 0 0 0 0 0 0 0 0])
  (":height" .
   [2 0 0 0 1 0 0])
  ("set-face-attribute" .
   [0 0 0 0 0 0 0 0 0 0 0 0 0 0 0 0 0 1])
  ("rainbow" .
   [0 0 0 0 0 0 1])
  ("org-level-2" .
   [4 0 0 0 0 0 0 1 0 0 0])
  ("bold" .
   [2 0 0 0])
  ("org-level-1" .
   [1 0 0 0 0 2 1 0 0 0 1])
  ("face" .
   [1 0 0 1])
  ("org-mode-hook" .
   [0 0 0 0 0 0 0 1 0 0 0 1 1])
  ("defun" .
   [1 0 0 0 2])
  ("with-eval-after-load" .
   [0 0 0 0 0 0 0 0 0 1 0 0 0 0 0 0 0 1 0 0])
  ("org-indent-mode" .
   [1 0 0 0 0 0 0 0 0 0 0 0 0 1 1])
  ("setq" .
   [2 0 0 0])
  ("org-mode" .
   [3 0 0 0 0 0 0 0])
  ("add-hook" .
   [0 0 0 0 1 0 1 5])
  ("indent" .
   [1 0 0 0 0 0])
  ("nil" .
   [4 0 0])
  ("custom-set-default" .
   [0 0 0 0 0 0 0 0 0 0 1 0 0 0 0 0 0 0])
  (":inherit" .
   [0 0 0 0 0 0 0 1])
  ("outline-1" .
   [1 0 0 0 0 0 0 0 0])
  ("Religion" .
   [0 0 0 0 0 1 0 0])
  ("|---------------------------------+-----------------+----------+---------+------------------+-------|" .
   [0 0 6 0 0 0 0 0 0 0 0 0 0 0 0 0 0 0 0 0 0 0 0 0 0 0 0 0 0 0 0 0 0 0 0 0 0 0 0 0 0 0 0 0 0 0 0 0 0 0 0 0 0 0 0 0 0 0 0 0 0 0 0 0 0 0 0 0 0 0 0 0 0 0 0 0 0 0 0 0 0 0 0 0 0 0 0 0 0 0 0 0 0 0 0 0 0 0 0 0 0])
  ("|-----------------+--------------+------------------+-----------------+------------------|" .
   [0 0 1 0 0 0 0 0 0 0 0 0 0 0 0 0 0 0 0 0 0 0 0 0 0 0 0 0 0 0 0 0 0 0 0 0 0 0 0 0 0 0 0 0 0 0 0 0 0 0 0 0 0 0 0 0 0 0 0 0 0 0 0 0 0 0 0 0 0 0 0 0 0 0 0 0 0 0 0 0 0 0 0 0 0 0 0 0 0 0])
  ("|------|" .
   [0 0 0 0 0 0 1 0])
  ("mit" .
   [2 0 0])
  ("aktion" .
   [1 0 0 0 0 0])
  ("NOTES" .
   [0 0 0 0 1])
  ("wie" .
   [1 0 0])
  ("normales" .
   [1 0 0 0 0 0 0 0])
  ("kush" .
   [1 0 0 0])
  ("wis" .
   [3 0 0])
  ("str" .
   [8 0 0])
  ("string" .
   [2 0 0 1 0 0])
  ("MainStats" .
   [0 0 0 0 5 0 0 0 0])
  ("equal" .
   [2 0 0 0 0])
  ("int" .
   [1 0 0])
  ("dex" .
   [1 0 0])
  ("yes" .
   [1 0 0])))
